1
10
100
11
12
122
123
124
126
127
128
129
13
130
131
132
133
134
135
136
137
138
139
14
140
141
142
143
144
146
147
148
149
15
150
151
152
153
154
155
156
157
158
16
160
162
163
164
165
166
167
168
169
17
170
171
172
173
174
175
176
177
178
179
18
181
182
185
186
188
189
19
190
191
192
193
194
195
196
198
199
2
20
200
202
203
205
206
207
208
209
21
210
211
212
213
214
215
216
217
219
22
220
222
223
224
225
227
228
229
23
230
231
232
233
234
235
236
237
239
24
240
241
242
243
244
245
246
247
248
249
25
250
251
252
253
255
256
257
258
259
26
260
261
262
263
264
265
266
267
269
27
270
273
274
275
276
278
279
28
280
281
282
283
284
285
286
287
288
289
29
290
291
292
293
294
295
296
297
298
299
3
30
300
301
303
304
305
306
307
308
309
31
310
311
312
313
314
315
316
317
318
319
32
320
321
322
326
327
328
329
33
331
332
333
334
335
336
337
338
339
34
340
341
342
343
344
345
346
347
348
349
35
350
351
352
353
355
356
358
359
36
360
361
362
363
364
366
367
368
369
37
370
371
372
373
374
377
379
38
382
385
389
39
390
391
395
398
4
40
400
402
403
404
406
407
41
410
411
413
415
417
419
42
420
423
424
425
427
428
43
431
432
433
435
437
438
44
440
441
443
447
449
45
451
452
453
455
457
458
459
46
460
461
462
465
468
469
47
471
475
478
48
481
482
483
486
487
49
491
492
493
495
496
498
499
5
50
51
52
53
54
55
56
57
58
59
6
60
61
62
63
64
65
66
67
68
69
7
70
71
72
73
74
75
76
77
78
79
8
80
81
82
83
84
85
86
87
88
89
9
90
91
92
93
94
95
96
97
98
99
